Iteration	CPUTime	PhysTime	Travels	Value	AvValue	MinValue	MaxValue	Delta	Criteria	PrevAvRefValue	Progress	CriteriaType	CriteriaVarType	CriteriaPercentage
1	2	0	0.0150275107	294.556031	294.556031	294.556031	294.556031	0	0	0	0	0	0	3
2	3	0	0.0300550213	295.632897	295.094464	294.556031	295.632897	0.538432947	0	0	0	0	0	3
3	3	0	0.045082532	297.910626	296.033185	294.556031	297.910626	1.47715368	0	0	0	0	0	3
4	3	0	0.0601100426	298.585811	296.671341	294.556031	298.585811	2.11531022	0	0	0	0	0	3
5	3	0	0.0751375533	298.737184	297.08451	294.556031	298.737184	2.52847888	0	0	0	0	0	3
6	4	0	0.0901650639	298.847701	297.378375	294.556031	298.847701	2.82234409	0	0	0	0	0	3
7	4	0	0.105192575	299.140822	297.630153	294.556031	299.140822	3.07412225	0	0	0	0	0	3
8	5	0	0.120220085	299.234143	297.830652	294.556031	299.234143	3.27462096	0	0	0	0	0	3
9	5	0	0.135247596	299.35166	297.999653	294.556031	299.35166	3.44362185	0	0	0	0	0	3
10	5	0	0.150275107	299.52543	298.152231	294.556031	299.52543	3.59619961	0	0	0	0	0	3
11	6	0	0.165302617	299.526114	298.277129	294.556031	299.526114	3.72109813	0	0	0	0	0	3
12	6	0	0.180330128	299.524644	298.381089	294.556031	299.526114	3.82505767	0	0	0	0	0	3
13	6	0	0.195357639	299.558771	298.47168	294.556031	299.558771	3.91564864	0	0	0	0	0	3
14	7	0	0.210385149	299.558466	298.549307	294.556031	299.558771	3.99327626	0	0	0	0	0	3
15	7	0	0.22541266	299.560018	298.616688	294.556031	299.560018	4.06065696	0	0	0	0	0	3
16	7	0	0.24044017	299.562306	298.675789	294.556031	299.562306	4.1197581	0	0	0	0	0	3
17	8	0	0.255467681	299.560518	298.727832	294.556031	299.562306	4.17180099	0	0	0	0	0	3
18	8	0	0.270495192	299.559002	298.774008	294.556031	299.562306	4.2179771	0	0	0	0	0	3
19	9	0	0.285522702	299.558008	298.815271	294.556031	299.562306	4.25924024	0	0	0	0	0	3
20	9	0	0.300550213	299.564236	298.852719	294.556031	299.564236	4.29668848	0	0	0	0	0	3
21	10	0	0.315577724	299.562771	298.886531	294.556031	299.564236	4.33050047	0	0	0	0	0	3
22	10	0	0.330605234	299.561493	298.917211	294.556031	299.564236	4.36118056	0	0	0	0	0	3
23	11	0	0.345632745	299.559713	298.945146	294.556031	299.564236	4.38911542	0	0	0	0	0	3
24	11	0	0.360660256	299.559005	298.970724	294.556031	299.564236	4.41469287	0	0	0	0	0	3
25	11	0	0.375687766	299.560301	298.994307	294.556031	299.564236	4.43827595	0	0	0	0	0	3
26	12	0	0.390715277	299.559183	299.016033	294.556031	299.564236	4.46000197	0	0	0	0	0	3
27	12	0	0.405742788	299.557864	299.036101	294.556031	299.564236	4.48006979	0	0	0	0	0	3
28	13	0	0.420770298	299.556422	299.054684	294.556031	299.564236	4.49865271	0	0	0	0	0	3
29	13	0	0.435797809	299.555139	299.071941	294.556031	299.564236	4.5159098	0	0	0	0	0	3
30	13	0	0.45082532	299.553851	299.088004	294.556031	299.564236	4.53197346	0	0	0	0	0	3
31	14	0	0.46585283	299.546981	299.10281	294.556031	299.564236	4.54677915	0	0	0	0	0	3
32	14	0	0.480880341	299.544179	299.116603	294.556031	299.564236	4.56057194	0	0	0	0	0	3
33	15	0	0.495907852	299.542773	299.129517	294.556031	299.564236	4.5734862	0	0	0	0	0	3
34	15	0	0.510935362	299.541515	299.141635	294.556031	299.564236	4.58560378	0	0	0	0	0	3
35	16	0	0.525962873	299.540643	299.288241	295.632897	299.564236	3.93133917	0	0	0	0	0	3
36	16	0	0.540990384	299.539327	299.403136	297.910626	299.564236	1.65360991	0	0	0	0	0	3
37	17	0	0.556017894	299.538441	299.451013	298.585811	299.564236	0.978425257	0	0	0	0	0	3
38	17	0	0.571045405	299.528135	299.478728	298.737184	299.564236	0.82705152	0	0	0	0	0	3
39	17	0	0.586072916	299.527036	299.501959	298.847701	299.564236	0.716534934	0	0	0	0	0	3
40	18	0	0.601100426	299.526305	299.521918	299.140822	299.564236	0.423413852	0	0	0	0	0	3
41	18	0	0.616127937	299.525857	299.533243	299.234143	299.564236	0.330093177	0	0	0	0	0	3
42	19	0	0.631155448	299.525466	299.541811	299.35166	299.564236	0.212576097	0	0	0	0	0	3
43	19	0	0.646182958	299.525394	299.546921	299.524644	299.564236	0.0395924035	0	0	0	0	0	3
44	20	0	0.661210469	299.525357	299.546919	299.524644	299.564236	0.0395924035	0	0	0	0	0	3
45	20	0	0.67623798	299.525423	299.546898	299.524644	299.564236	0.0395924035	0	0	0	0	0	3
46	20	0	0.69126549	299.521166	299.546796	299.521166	299.564236	0.0430702756	0	0	0	0	0	3
47	21	0	0.706293001	299.521035	299.545686	299.521035	299.564236	0.0432008542	0	0	0	0	0	3
48	21	0	0.721320511	299.520893	299.544581	299.520893	299.564236	0.0433433508	0	0	0	0	0	3
49	22	0	0.736348022	299.520841	299.543429	299.520841	299.564236	0.0433950286	0	0	0	0	0	3
50	22	0	0.751375533	299.520785	299.542208	299.520785	299.564236	0.0434510731	0	0	0	0	0	3
51	22	0	0.766403043	299.520883	299.541042	299.520785	299.564236	0.0434510731	0	0	0	0	0	3
52	23	0	0.781430554	299.520663	299.539914	299.520663	299.564236	0.0435728885	0	0	0	0	0	3
53	23	0	0.796458065	299.520607	299.538814	299.520607	299.564236	0.0436292268	0	0	0	0	0	3
54	24	0	0.811485575	299.520635	299.537532	299.520607	299.562771	0.0421645002	0	0	0	0	0	3
55	24	0	0.826513086	299.515672	299.536147	299.515672	299.561493	0.0458216739	0	0	0	0	0	3
56	25	0	0.841540597	299.515252	299.534787	299.515252	299.560301	0.0450483729	0	0	0	0	0	3
57	25	0	0.856568107	299.515138	299.533475	299.515138	299.560301	0.0451631318	0	0	0	0	0	3
58	25	0	0.871595618	299.515044	299.532182	299.515044	299.560301	0.045257159	0	0	0	0	0	3
59	26	0	0.886623129	299.515098	299.530853	299.515044	299.559183	0.0441395738	0	0	0	0	0	3
60	26	0	0.901650639	299.515081	299.529556	299.515044	299.557864	0.0428205337	0	0	0	0	0	3
61	27	0	0.91667815	299.515129	299.528299	299.515044	299.556422	0.0413785851	0	0	0	0	0	3
62	27	0	0.931705661	299.51515	299.527085	299.515044	299.555139	0.0400954728	0	0	0	0	0	3
63	27	0	0.946733171	299.515198	299.52591	299.515044	299.553851	0.0388068712	0	0	0	0	0	3
64	28	0	0.961760682	299.515055	299.524769	299.515044	299.546981	0.0319372321	0	0	0	0	0	3
65	28	0	0.976788193	299.516796	299.523881	299.515044	299.544179	0.0291354888	0	0	0	0	0	3
66	29	0	0.991815703	299.516914	299.52308	299.515044	299.542773	0.0277296944	0	0	0	0	0	3
67	29	0	1.00684321	299.51692	299.522319	299.515044	299.541515	0.026471014	0.0496082972	0	0	0	0	3
68	30	0	1.02187072	299.516906	299.521595	299.515044	299.540643	0.0255995943	0.0496082972	0	0	0	0	3
69	30	0	1.03689824	299.516991	299.5209	299.515044	299.539327	0.0242830897	0.0496082972	0	0	0	0	3
70	31	0	1.05192575	299.516886	299.52024	299.515044	299.538441	0.0233977098	0.0496082972	0	0	0	0	3
71	31	0	1.06695326	299.516809	299.519603	299.515044	299.528135	0.013091765	0.0496082972	0	0	0	0	3
72	31	0	1.08198077	299.516935	299.519274	299.515044	299.527036	0.0119920604	0.0496082972	0	0	0	0	3
73	32	0	1.09700828	299.516826	299.518974	299.515044	299.526305	0.0112608761	0.0496082972	0	0	0	0	3
74	32	0	1.11203579	299.516764	299.518693	299.515044	299.525857	0.0108136271	0.0496082972	0	0	0	0	3
75	33	0	1.1270633	299.515906	299.5184	299.515044	299.525466	0.0104219434	0.0496082972	0	0	0	0	3
76	33	0	1.14209081	299.5158	299.518116	299.515044	299.525423	0.0103792559	0.0496082972	0	0	0	0	3
77	33	0	1.15711832	299.51595	299.517838	299.515044	299.525423	0.0103792559	0.0496082972	0	0	0	0	3
78	34	0	1.17214583	299.515715	299.517555	299.515044	299.525423	0.0103792559	0.0496082972	0	0	0	0	3
79	34	0	1.18717334	299.515632	299.517267	299.515044	299.521166	0.00612199279	0.0496082972	0	0	0	0	3
80	35	0	1.20220085	299.515556	299.517102	299.515044	299.521035	0.00599141421	0.0496082972	0	0	0	0	3
81	35	0	1.21722836	299.51555	299.516941	299.515044	299.520893	0.00584891764	0.0496082972	0	0	0	0	3
82	35	0	1.23225587	299.515546	299.516783	299.515044	299.520883	0.00583906768	0.0496082972	0	0	0	0	3
83	36	0	1.24728338	299.51561	299.516629	299.515044	299.520883	0.00583906768	0.0496082972	0	0	0	0	3
84	36	0	1.2623109	299.515576	299.516476	299.515044	299.520883	0.00583906768	0.0496082972	0	0	0	0	3
85	36	0	1.27733841	299.515065	299.516305	299.515044	299.520663	0.00561937985	0.0496082972	0	0	0	0	3
86	37	0	1.29236592	299.514793	299.516133	299.514793	299.520635	0.00584178322	0.0496082972	0	0	0	0	3
87	37	0	1.30739343	299.514746	299.51596	299.514746	299.520635	0.00588843064	0.0496082972	0	0	0	0	3
88	38	0	1.32242094	299.514692	299.515785	299.514692	299.516991	0.00229857377	0.0496082972	0	0	0	0	3
89	38	0	1.33744845	299.514681	299.515756	299.514681	299.516991	0.00231012302	0.0496082972	0	0	0	0	3
90	38	0	1.35247596	299.514608	299.515737	299.514608	299.516991	0.00238267499	0.0496082972	0	0	0	0	3
91	39	0	1.36750347	299.514616	299.515722	299.514608	299.516991	0.00238267499	0.0496082972	0	0	0	0	3
92	39	0	1.38253098	299.514581	299.515708	299.514581	299.516991	0.00241018774	0.0496082972	0	0	0	0	3
93	39	0	1.39755849	299.514705	299.515697	299.514581	299.516991	0.00241018774	0.0496082972	0	0	0	0	3
94	40	0	1.412586	299.514691	299.515685	299.514581	299.516991	0.00241018774	0.0496082972	0	0	0	0	3
95	40	0	1.42761351	299.514235	299.515659	299.514235	299.516991	0.00275598727	0.0496082972	0	0	0	0	3
96	41	0	1.44264102	299.514175	299.51563	299.514175	299.516991	0.00281557636	0.0496082972	0	0	0	0	3
97	41	0	1.45766853	299.514185	299.5156	299.514175	299.516991	0.00281557636	0.0496082972	0	0	0	0	3
98	41	0	1.47269604	299.514192	299.515575	299.514175	299.516991	0.00281557636	0.0496082972	0	0	0	0	3
99	42	0	1.48772355	299.514077	299.515495	299.514077	299.516991	0.00291418084	0.0496082972	0	0	0	0	3
100	42	0	1.50275107	299.514181	299.515415	299.514077	299.516991	0.00291418084	0.0496082972	0	0	0	0	3
101	43	0	1.51777858	299.514171	299.515334	299.514077	299.516991	0.00291418084	0.0496082972	0	0	0	0	3
102	43	0	1.53280609	299.514028	299.515249	299.514028	299.516991	0.00296269514	0.0496082972	0	0	0	0	3
103	43	0	1.5478336	299.514229	299.515168	299.514028	299.516935	0.0029069941	0.0496082972	0	0	0	0	3
104	44	0	1.56286111	299.514137	299.515087	299.514028	299.516935	0.0029069941	0.0496082972	0	0	0	0	3
105	44	0	1.57788862	299.513814	299.514999	299.513814	299.516935	0.00312147566	0.0496082972	0	0	0	0	3
106	44	0	1.59291613	299.513767	299.514906	299.513767	299.516826	0.00305902599	0.0496082972	0	0	0	0	3
107	45	0	1.60794364	299.513765	299.514816	299.513765	299.516764	0.00299882213	0.0496082972	0	0	0	0	3
108	45	0	1.62297115	299.513853	299.51473	299.513765	299.51595	0.00218517156	0.0496082972	0	0	0	0	3
109	45	0	1.63799866	299.51378	299.514668	299.513765	299.51595	0.00218517156	0.0496082972	0	0	0	0	3
110	46	0	1.65302617	299.513832	299.51461	299.513765	299.51595	0.00218517156	0.0496082972	0	0	0	0	3
111	46	0	1.66805368	299.51389	299.514549	299.513765	299.515715	0.00194964917	0.0496082972	0	0	0	0	3
112	46	0	1.68308119	299.513832	299.514494	299.513765	299.515632	0.00186686982	0.0496082972	0	0	0	0	3
113	47	0	1.6981087	299.513813	299.51444	299.513765	299.51561	0.00184510842	0.0496082972	0	0	0	0	3
114	47	0	1.71313621	299.51371	299.514386	299.51371	299.51561	0.00190007108	0.0496082972	0	0	0	0	3
115	48	0	1.72816373	299.513593	299.514328	299.513593	299.51561	0.00201749317	0.0496082972	0	0	0	0	3
116	48	0	1.74319124	299.513598	299.514271	299.513593	299.51561	0.00201749317	0.0496082972	0	0	0	0	3
117	48	0	1.75821875	299.513639	299.514213	299.513593	299.515576	0.00198375037	0.0496082972	0	0	0	0	3
118	49	0	1.77324626	299.513655	299.514157	299.513593	299.515065	0.00147227043	0.0496082972	0	0	0	0	3
119	49	0	1.78827377	299.513664	299.514115	299.513593	299.514793	0.00120007056	0.0496082972	0	0	0	0	3
120	49	0	1.80330128	299.513651	299.514082	299.513593	299.514746	0.00115342314	0.0496082972	0	0	0	0	3
121	50	0	1.81832879	299.513683	299.514051	299.513593	299.514705	0.00111181758	0.0496082972	0	0	0	0	3
122	50	0	1.8333563	299.513733	299.514022	299.513593	299.514705	0.00111181758	0.0496082972	0	0	0	0	3
123	50	0	1.84838381	299.513649	299.513992	299.513593	299.514705	0.00111181758	0.0496082972	0	0	0	0	3
