Iteration	CPUTime	PhysTime	Travels	Value	AvValue	MinValue	MaxValue	Delta	Criteria	PrevAvRefValue	Progress	CriteriaType	CriteriaVarType	CriteriaPercentage
1	2	0	0.0150275107	302.149988	302.149988	302.149988	302.149988	0	0	0	0	0	0	3
2	3	0	0.0300550213	302.149882	302.149935	302.149882	302.149988	5.30330325e-05	0	0	0	0	0	3
3	3	0	0.045082532	302.149867	302.149912	302.149867	302.149988	7.57847546e-05	0	0	0	0	0	3
4	3	0	0.0601100426	302.14984	302.149894	302.14984	302.149988	9.39166862e-05	0	0	0	0	0	3
5	3	0	0.0751375533	302.149832	302.149882	302.149832	302.149988	0.000106373325	0	0	0	0	0	3
6	4	0	0.0901650639	302.149702	302.149852	302.149702	302.149988	0.000136357991	0	0	0	0	0	3
7	4	0	0.105192575	302.1495	302.149801	302.1495	302.149988	0.000186546673	0	0	0	0	0	3
8	5	0	0.120220085	302.148886	302.149687	302.148886	302.149988	0.000301027266	0	0	0	0	0	3
9	5	0	0.135247596	302.148382	302.149542	302.148382	302.149988	0.0004460558	0	0	0	0	0	3
10	5	0	0.150275107	302.147863	302.149374	302.147863	302.149988	0.000613891794	0	0	0	0	0	3
11	6	0	0.165302617	302.147113	302.149168	302.147113	302.149988	0.000819452606	0	0	0	0	0	3
12	6	0	0.180330128	302.146371	302.148935	302.146371	302.149988	0.00105255601	0	0	0	0	0	3
13	6	0	0.195357639	302.145653	302.148683	302.145653	302.149988	0.00130502601	0	0	0	0	0	3
14	7	0	0.210385149	302.144921	302.148414	302.144921	302.149988	0.00157371277	0	0	0	0	0	3
15	7	0	0.22541266	302.144183	302.148132	302.144183	302.149988	0.00185576803	0	0	0	0	0	3
16	7	0	0.24044017	302.143069	302.147816	302.143069	302.149988	0.0021722088	0	0	0	0	0	3
17	8	0	0.255467681	302.141985	302.147473	302.141985	302.149988	0.00251516254	0	0	0	0	0	3
18	8	0	0.270495192	302.140941	302.14711	302.140941	302.149988	0.00287801979	0	0	0	0	0	3
19	9	0	0.285522702	302.139948	302.146733	302.139948	302.149988	0.003254958	0	0	0	0	0	3
20	9	0	0.300550213	302.139009	302.146347	302.139009	302.149988	0.0036411599	0	0	0	0	0	3
21	10	0	0.315577724	302.137673	302.145934	302.137673	302.149988	0.00405418999	0	0	0	0	0	3
22	10	0	0.330605234	302.136446	302.145502	302.136446	302.149988	0.0044854523	0	0	0	0	0	3
23	11	0	0.345632745	302.135298	302.145059	302.135298	302.149988	0.00492914346	0	0	0	0	0	3
24	11	0	0.360660256	302.13413	302.144603	302.13413	302.149988	0.00538449323	0	0	0	0	0	3
25	11	0	0.375687766	302.132949	302.144137	302.132949	302.149988	0.00585068918	0	0	0	0	0	3
26	12	0	0.390715277	302.131012	302.143632	302.131012	302.149988	0.00635550598	0	0	0	0	0	3
27	12	0	0.405742788	302.128979	302.14309	302.128979	302.149988	0.0068982417	0	0	0	0	0	3
28	13	0	0.420770298	302.126829	302.142509	302.126829	302.149988	0.00747896738	0	0	0	0	0	3
29	13	0	0.435797809	302.124586	302.141891	302.124586	302.149988	0.00809699014	0	0	0	0	0	3
30	13	0	0.45082532	302.122273	302.141237	302.122273	302.149988	0.00875090895	0	0	0	0	0	3
31	14	0	0.46585283	302.118699	302.14051	302.118699	302.149988	0.00947792996	0	0	0	0	0	3
32	14	0	0.480880341	302.115408	302.139726	302.115408	302.149988	0.0102623791	0	0	0	0	0	3
33	15	0	0.495907852	302.112816	302.13891	302.112816	302.149988	0.0110778285	0	0	0	0	0	3
34	15	0	0.510935362	302.111299	302.138098	302.111299	302.149988	0.0118899208	0	0	0	0	0	3
35	16	0	0.525962873	302.110865	302.136947	302.110865	302.149882	0.0129875718	0	0	0	0	0	3
36	16	0	0.540990384	302.11149	302.135818	302.110865	302.149867	0.0140939806	0	0	0	0	0	3
37	17	0	0.556017894	302.112167	302.134709	302.110865	302.14984	0.0151846671	0	0	0	0	0	3
38	17	0	0.571045405	302.112505	302.133611	302.110865	302.149832	0.0162702933	0	0	0	0	0	3
39	17	0	0.586072916	302.11257	302.132515	302.110865	302.149702	0.0173362411	0	0	0	0	0	3
40	18	0	0.601100426	302.112701	302.131427	302.110865	302.1495	0.0183743109	0	0	0	0	0	3
41	18	0	0.616127937	302.113091	302.130356	302.110865	302.148886	0.0193306813	0	0	0	0	0	3
42	19	0	0.631155448	302.11378	302.129324	302.110865	302.148382	0.0202181815	0	0	0	0	0	3
43	19	0	0.646182958	302.114501	302.128327	302.110865	302.147863	0.0210468366	0	0	0	0	0	3
44	20	0	0.661210469	302.115129	302.127364	302.110865	302.147113	0.021804059	0	0	0	0	0	3
45	20	0	0.67623798	302.11556	302.126436	302.110865	302.146371	0.0224989871	0	0	0	0	0	3
46	20	0	0.69126549	302.115873	302.125539	302.110865	302.145653	0.0231435186	0	0	0	0	0	3
47	21	0	0.706293001	302.115993	302.124667	302.110865	302.144921	0.0237472018	0	0	0	0	0	3
48	21	0	0.721320511	302.116069	302.123818	302.110865	302.144183	0.0243137345	0	0	0	0	0	3
49	22	0	0.736348022	302.116089	302.122992	302.110865	302.143069	0.0248236013	0	0	0	0	0	3
50	22	0	0.751375533	302.116105	302.122199	302.110865	302.141985	0.0252737168	0	0	0	0	0	3
51	22	0	0.766403043	302.116056	302.121436	302.110865	302.140941	0.0256734939	0	0	0	0	0	3
52	23	0	0.781430554	302.115975	302.120702	302.110865	302.139948	0.0260308617	0	0	0	0	0	3
53	23	0	0.796458065	302.115879	302.119994	302.110865	302.139009	0.0263525794	0	0	0	0	0	3
54	24	0	0.811485575	302.115778	302.119311	302.110865	302.137673	0.0266228062	0	0	0	0	0	3
55	24	0	0.826513086	302.115758	302.118666	302.110865	302.136446	0.0255812941	0	0	0	0	0	3
56	25	0	0.841540597	302.115688	302.118056	302.110865	302.135298	0.0244329059	0	0	0	0	0	3
57	25	0	0.856568107	302.115618	302.117477	302.110865	302.13413	0.0232657168	0	0	0	0	0	3
58	25	0	0.871595618	302.115665	302.116934	302.110865	302.132949	0.0220838629	0	0	0	0	0	3
59	26	0	0.886623129	302.115679	302.116426	302.110865	302.131012	0.0201473288	0	0	0	0	0	3
60	26	0	0.901650639	302.11576	302.115977	302.110865	302.128979	0.0181138845	0	0	0	0	0	3
61	27	0	0.91667815	302.115862	302.115592	302.110865	302.126829	0.0159646942	0	0	0	0	0	3
62	27	0	0.931705661	302.116	302.115273	302.110865	302.124586	0.0137216275	0	0	0	0	0	3
63	27	0	0.946733171	302.116063	302.115022	302.110865	302.122273	0.0114087003	0	0	0	0	0	3
64	28	0	0.961760682	302.116079	302.11484	302.110865	302.118699	0.0078346946	0	0	0	0	0	3
65	28	0	0.976788193	302.116111	302.114764	302.110865	302.116111	0.00524613953	0	0	0	0	0	3
66	29	0	0.991815703	302.1161	302.114784	302.110865	302.116111	0.00524613953	0	0	0	0	0	3
67	29	0	1.00684321	302.116063	302.11488	302.110865	302.116111	0.00524613953	0.001170059	0	0	0	0	3
68	30	0	1.02187072	302.115963	302.115017	302.110865	302.116111	0.00524613953	0.001170059	0	0	0	0	3
69	30	0	1.03689824	302.115888	302.115165	302.11149	302.116111	0.00462041038	0.001170059	0	0	0	0	3
70	31	0	1.05192575	302.115845	302.115293	302.112167	302.116111	0.00394399998	0.001170059	0	0	0	0	3
71	31	0	1.06695326	302.115837	302.115401	302.112505	302.116111	0.00360601128	0.001170059	0	0	0	0	3
72	31	0	1.08198077	302.115915	302.115501	302.11257	302.116111	0.00354078859	0.001170059	0	0	0	0	3
73	32	0	1.09700828	302.11592	302.1156	302.112701	302.116111	0.00340995688	0.001170059	0	0	0	0	3
74	32	0	1.11203579	302.115969	302.115696	302.113091	302.116111	0.00301949557	0.001170059	0	0	0	0	3
75	33	0	1.1270633	302.116038	302.115783	302.11378	302.116111	0.00233125441	0.001170059	0	0	0	0	3
76	33	0	1.14209081	302.115981	302.115847	302.114501	302.116111	0.00160986402	0.001170059	0	0	0	0	3
77	33	0	1.15711832	302.116036	302.115892	302.115129	302.116111	0.000981930267	0.001170059	0	0	0	0	3
78	34	0	1.17214583	302.115978	302.115917	302.11556	302.116111	0.000551015653	0.001170059	0	0	0	0	3
79	34	0	1.18717334	302.115948	302.115929	302.115618	302.116111	0.000492540613	0.001170059	0	0	0	0	3
80	35	0	1.20220085	302.115899	302.11593	302.115618	302.116111	0.000492540613	0.001170059	0	0	0	0	3
81	35	0	1.21722836	302.115861	302.115926	302.115618	302.116111	0.000492540613	0.001170059	0	0	0	0	3
82	35	0	1.23225587	302.115855	302.115919	302.115618	302.116111	0.000492540613	0.001170059	0	0	0	0	3
83	36	0	1.24728338	302.115812	302.115911	302.115618	302.116111	0.000492540613	0.001170059	0	0	0	0	3
84	36	0	1.2623109	302.115771	302.115901	302.115618	302.116111	0.000492540613	0.001170059	0	0	0	0	3
85	36	0	1.27733841	302.115804	302.115894	302.115618	302.116111	0.000492540613	0.001170059	0	0	0	0	3
86	37	0	1.29236592	302.115769	302.115888	302.115618	302.116111	0.000492540613	0.001170059	0	0	0	0	3
87	37	0	1.30739343	302.115721	302.115883	302.115618	302.116111	0.000492540613	0.001170059	0	0	0	0	3
88	38	0	1.32242094	302.115721	302.115882	302.115618	302.116111	0.000492540613	0.001170059	0	0	0	0	3
89	38	0	1.33744845	302.115673	302.115879	302.115618	302.116111	0.000492540613	0.001170059	0	0	0	0	3
90	38	0	1.35247596	302.115693	302.115879	302.115618	302.116111	0.000492540613	0.001170059	0	0	0	0	3
91	39	0	1.36750347	302.115632	302.11588	302.115632	302.116111	0.000478305889	0.001170059	0	0	0	0	3
92	39	0	1.38253098	302.11564	302.115879	302.115632	302.116111	0.000478305889	0.001170059	0	0	0	0	3
93	39	0	1.39755849	302.115647	302.115878	302.115632	302.116111	0.000478305889	0.001170059	0	0	0	0	3
94	40	0	1.412586	302.115615	302.115874	302.115615	302.116111	0.000496035225	0.001170059	0	0	0	0	3
95	40	0	1.42761351	302.115637	302.115867	302.115615	302.116111	0.000496035225	0.001170059	0	0	0	0	3
96	41	0	1.44264102	302.115604	302.115856	302.115604	302.116111	0.00050715734	0.001170059	0	0	0	0	3
97	41	0	1.45766853	302.11564	302.115843	302.115604	302.116111	0.00050715734	0.001170059	0	0	0	0	3
98	41	0	1.47269604	302.115599	302.115829	302.115599	302.116111	0.000511688774	0.001170059	0	0	0	0	3
99	42	0	1.48772355	302.115647	302.115815	302.115599	302.1161	0.000500864947	0.001170059	0	0	0	0	3
100	42	0	1.50275107	302.115632	302.115802	302.115599	302.116063	0.000463754766	0.001170059	0	0	0	0	3
101	43	0	1.51777858	302.115635	302.115789	302.115599	302.116038	0.000439028878	0.001170059	0	0	0	0	3
102	43	0	1.53280609	302.115683	302.115781	302.115599	302.116038	0.000439028878	0.001170059	0	0	0	0	3
103	43	0	1.5478336	302.115657	302.115774	302.115599	302.116038	0.000439028878	0.001170059	0	0	0	0	3
104	44	0	1.56286111	302.115671	302.115769	302.115599	302.116038	0.000439028878	0.001170059	0	0	0	0	3
105	44	0	1.57788862	302.115664	302.115764	302.115599	302.116038	0.000428387797	0.001170059	0	0	0	0	3
106	44	0	1.59291613	302.115652	302.115756	302.115599	302.116038	0.000329867136	0.001170059	0	0	0	0	3
107	45	0	1.60794364	302.115661	302.115748	302.115599	302.116038	0.000233756224	0.001170059	0	0	0	0	3
108	45	0	1.62297115	302.11563	302.115738	302.115599	302.116038	0.000191152522	0.001170059	0	0	0	0	3
109	45	0	1.63799866	302.11569	302.115728	302.115599	302.116036	0.000201398353	0.001170059	0	0	0	0	3
110	46	0	1.65302617	302.115657	302.115719	302.115599	302.116036	0.000210931578	0.001170059	0	0	0	0	3
111	46	0	1.66805368	302.115711	302.115709	302.115599	302.115978	0.000220494565	0.001170059	0	0	0	0	3
112	46	0	1.68308119	302.115679	302.1157	302.115599	302.115948	0.000229304345	0.001170059	0	0	0	0	3
113	47	0	1.6981087	302.11571	302.115693	302.115599	302.115899	0.000236306907	0.001170059	0	0	0	0	3
114	47	0	1.71313621	302.115711	302.115688	302.115599	302.115861	0.000237984333	0.001170059	0	0	0	0	3
115	48	0	1.72816373	302.115653	302.115682	302.115599	302.115855	0.00023779655	0.001170059	0	0	0	0	3
116	48	0	1.74319124	302.115729	302.115678	302.115599	302.115812	0.000212617914	0.001170059	0	0	0	0	3
117	48	0	1.75821875	302.115667	302.115674	302.115599	302.115804	0.000204630928	0.001170059	0	0	0	0	3
118	49	0	1.77324626	302.115709	302.115672	302.115599	302.115804	0.000204630928	0.001170059	0	0	0	0	3
119	49	0	1.78827377	302.115689	302.115668	302.115599	302.115769	0.000170386495	0.001170059	0	0	0	0	3
120	49	0	1.80330128	302.11573	302.115667	302.115599	302.11573	0.000131201158	0.001170059	0	0	0	0	3
121	50	0	1.81832879	302.115689	302.115666	302.115599	302.11573	0.000131201158	0.001170059	0	0	0	0	3
122	50	0	1.8333563	302.115721	302.115666	302.115599	302.11573	0.000131201158	0.001170059	0	0	0	0	3
123	50	0	1.84838381	302.115695	302.115667	302.115599	302.11573	0.000131201158	0.001170059	0	0	0	0	3
