Iteration	CPUTime	PhysTime	Travels	Value	AvValue	MinValue	MaxValue	Delta	Criteria	PrevAvRefValue	Progress	CriteriaType	CriteriaVarType	CriteriaPercentage
1	2	0	0.0150275107	0.980034969	0.980034969	0.980034969	0.980034969	0	0	0	0	0	0	3
2	3	0	0.0300550213	0.980034969	0.980034969	0.980034969	0.980034969	1.11022302e-16	0	0	0	0	0	3
3	3	0	0.045082532	0.980034969	0.980034969	0.980034969	0.980034969	1.11022302e-16	0	0	0	0	0	3
4	3	0	0.0601100426	0.980034969	0.980034969	0.980034969	0.980034969	1.11022302e-16	0	0	0	0	0	3
5	3	0	0.0751375533	0.980034969	0.980034969	0.980034969	0.980034969	1.11022302e-16	0	0	0	0	0	3
6	4	0	0.0901650639	0.980034969	0.980034969	0.980034969	0.980034969	1.11022302e-16	0	0	0	0	0	3
7	4	0	0.105192575	0.980034969	0.980034969	0.980034969	0.980034969	1.11022302e-16	0	0	0	0	0	3
8	5	0	0.120220085	0.980034969	0.980034969	0.980034969	0.980034969	1.11022302e-16	0	0	0	0	0	3
9	5	0	0.135247596	0.980034969	0.980034969	0.980034969	0.980034969	1.11022302e-16	0	0	0	0	0	3
10	5	0	0.150275107	0.980034969	0.980034969	0.980034969	0.980034969	1.11022302e-16	0	0	0	0	0	3
11	6	0	0.165302617	0.980034969	0.980034969	0.980034969	0.980034969	2.22044605e-16	0	0	0	0	0	3
12	6	0	0.180330128	0.980034969	0.980034969	0.980034969	0.980034969	2.22044605e-16	0	0	0	0	0	3
13	6	0	0.195357639	0.980034969	0.980034969	0.980034969	0.980034969	2.22044605e-16	0	0	0	0	0	3
14	7	0	0.210385149	0.980034969	0.980034969	0.980034969	0.980034969	3.33066907e-16	0	0	0	0	0	3
15	7	0	0.22541266	0.980034969	0.980034969	0.980034969	0.980034969	3.33066907e-16	0	0	0	0	0	3
16	7	0	0.24044017	0.980034969	0.980034969	0.980034969	0.980034969	3.33066907e-16	0	0	0	0	0	3
17	8	0	0.255467681	0.980034969	0.980034969	0.980034969	0.980034969	3.33066907e-16	0	0	0	0	0	3
18	8	0	0.270495192	0.980034969	0.980034969	0.980034969	0.980034969	3.33066907e-16	0	0	0	0	0	3
19	9	0	0.285522702	0.980034969	0.980034969	0.980034969	0.980034969	3.33066907e-16	0	0	0	0	0	3
20	9	0	0.300550213	0.980034969	0.980034969	0.980034969	0.980034969	3.33066907e-16	0	0	0	0	0	3
21	10	0	0.315577724	0.980034969	0.980034969	0.980034969	0.980034969	3.33066907e-16	0	0	0	0	0	3
22	10	0	0.330605234	0.980034969	0.980034969	0.980034969	0.980034969	3.33066907e-16	0	0	0	0	0	3
23	11	0	0.345632745	0.980034969	0.980034969	0.980034969	0.980034969	3.33066907e-16	0	0	0	0	0	3
24	11	0	0.360660256	0.980034969	0.980034969	0.980034969	0.980034969	3.33066907e-16	0	0	0	0	0	3
25	11	0	0.375687766	0.980034969	0.980034969	0.980034969	0.980034969	3.33066907e-16	0	0	0	0	0	3
26	12	0	0.390715277	0.980034969	0.980034969	0.980034969	0.980034969	4.4408921e-16	0	0	0	0	0	3
27	12	0	0.405742788	0.980034969	0.980034969	0.980034969	0.980034969	4.4408921e-16	0	0	0	0	0	3
28	13	0	0.420770298	0.980034969	0.980034969	0.980034969	0.980034969	4.4408921e-16	0	0	0	0	0	3
29	13	0	0.435797809	0.980034969	0.980034969	0.980034969	0.980034969	4.4408921e-16	0	0	0	0	0	3
30	13	0	0.45082532	0.980034969	0.980034969	0.980034969	0.980034969	4.4408921e-16	0	0	0	0	0	3
31	14	0	0.46585283	0.980034969	0.980034969	0.980034969	0.980034969	4.4408921e-16	0	0	0	0	0	3
32	14	0	0.480880341	0.980034969	0.980034969	0.980034969	0.980034969	4.4408921e-16	0	0	0	0	0	3
33	15	0	0.495907852	0.980034969	0.980034969	0.980034969	0.980034969	4.4408921e-16	0	0	0	0	0	3
34	15	0	0.510935362	0.980034969	0.980034969	0.980034969	0.980034969	4.4408921e-16	0	0	0	0	0	3
35	16	0	0.525962873	0.980034969	0.980034969	0.980034969	0.980034969	4.4408921e-16	0	0	0	0	0	3
36	16	0	0.540990384	0.980034969	0.980034969	0.980034969	0.980034969	4.4408921e-16	0	0	0	0	0	3
37	17	0	0.556017894	0.980034969	0.980034969	0.980034969	0.980034969	4.4408921e-16	0	0	0	0	0	3
38	17	0	0.571045405	0.980034969	0.980034969	0.980034969	0.980034969	4.4408921e-16	0	0	0	0	0	3
39	17	0	0.586072916	0.980034969	0.980034969	0.980034969	0.980034969	3.33066907e-16	0	0	0	0	0	3
40	18	0	0.601100426	0.980034969	0.980034969	0.980034969	0.980034969	3.33066907e-16	0	0	0	0	0	3
41	18	0	0.616127937	0.980034969	0.980034969	0.980034969	0.980034969	3.33066907e-16	0	0	0	0	0	3
42	19	0	0.631155448	0.980034969	0.980034969	0.980034969	0.980034969	3.33066907e-16	0	0	0	0	0	3
43	19	0	0.646182958	0.980034969	0.980034969	0.980034969	0.980034969	3.33066907e-16	0	0	0	0	0	3
44	20	0	0.661210469	0.980034969	0.980034969	0.980034969	0.980034969	2.22044605e-16	0	0	0	0	0	3
45	20	0	0.67623798	0.980034969	0.980034969	0.980034969	0.980034969	2.22044605e-16	0	0	0	0	0	3
46	20	0	0.69126549	0.980034969	0.980034969	0.980034969	0.980034969	2.22044605e-16	0	0	0	0	0	3
47	21	0	0.706293001	0.980034969	0.980034969	0.980034969	0.980034969	2.22044605e-16	0	0	0	0	0	3
48	21	0	0.721320511	0.980034969	0.980034969	0.980034969	0.980034969	2.22044605e-16	0	0	0	0	0	3
49	22	0	0.736348022	0.980034969	0.980034969	0.980034969	0.980034969	2.22044605e-16	0	0	0	0	0	3
50	22	0	0.751375533	0.980034969	0.980034969	0.980034969	0.980034969	2.22044605e-16	0	0	0	0	0	3
51	22	0	0.766403043	0.980034969	0.980034969	0.980034969	0.980034969	2.22044605e-16	0	0	0	0	0	3
52	23	0	0.781430554	0.980034969	0.980034969	0.980034969	0.980034969	2.22044605e-16	0	0	0	0	0	3
53	23	0	0.796458065	0.980034969	0.980034969	0.980034969	0.980034969	2.22044605e-16	0	0	0	0	0	3
54	24	0	0.811485575	0.980034969	0.980034969	0.980034969	0.980034969	2.22044605e-16	0	0	0	0	0	3
55	24	0	0.826513086	0.980034969	0.980034969	0.980034969	0.980034969	2.22044605e-16	0	0	0	0	0	3
56	25	0	0.841540597	0.980034969	0.980034969	0.980034969	0.980034969	2.22044605e-16	0	0	0	0	0	3
57	25	0	0.856568107	0.980034969	0.980034969	0.980034969	0.980034969	2.22044605e-16	0	0	0	0	0	3
58	25	0	0.871595618	0.980034969	0.980034969	0.980034969	0.980034969	2.22044605e-16	0	0	0	0	0	3
59	26	0	0.886623129	0.980034969	0.980034969	0.980034969	0.980034969	2.22044605e-16	0	0	0	0	0	3
60	26	0	0.901650639	0.980034969	0.980034969	0.980034969	0.980034969	2.22044605e-16	0	0	0	0	0	3
61	27	0	0.91667815	0.980034969	0.980034969	0.980034969	0.980034969	2.22044605e-16	0	0	0	0	0	3
62	27	0	0.931705661	0.980034969	0.980034969	0.980034969	0.980034969	2.22044605e-16	0	0	0	0	0	3
63	27	0	0.946733171	0.980034969	0.980034969	0.980034969	0.980034969	2.22044605e-16	0	0	0	0	0	3
64	28	0	0.961760682	0.980034969	0.980034969	0.980034969	0.980034969	2.22044605e-16	0	0	0	0	0	3
65	28	0	0.976788193	0.980034969	0.980034969	0.980034969	0.980034969	2.22044605e-16	0	0	0	0	0	3
66	29	0	0.991815703	0.980034969	0.980034969	0.980034969	0.980034969	1.11022302e-16	0	0	0	0	0	3
67	29	0	1.00684321	0.980034969	0.980034969	0.980034969	0.980034969	0	9.80034969e-09	0	0	0	0	3
68	30	0	1.02187072	0.980034969	0.980034969	0.980034969	0.980034969	0	9.80034969e-09	0	0	0	0	3
69	30	0	1.03689824	0.980034969	0.980034969	0.980034969	0.980034969	0	9.80034969e-09	0	0	0	0	3
70	31	0	1.05192575	0.980034969	0.980034969	0.980034969	0.980034969	0	9.80034969e-09	0	0	0	0	3
71	31	0	1.06695326	0.980034969	0.980034969	0.980034969	0.980034969	0	9.80034969e-09	0	0	0	0	3
72	31	0	1.08198077	0.980034969	0.980034969	0.980034969	0.980034969	0	9.80034969e-09	0	0	0	0	3
73	32	0	1.09700828	0.980034969	0.980034969	0.980034969	0.980034969	0	9.80034969e-09	0	0	0	0	3
74	32	0	1.11203579	0.980034969	0.980034969	0.980034969	0.980034969	0	9.80034969e-09	0	0	0	0	3
75	33	0	1.1270633	0.980034969	0.980034969	0.980034969	0.980034969	0	9.80034969e-09	0	0	0	0	3
76	33	0	1.14209081	0.980034969	0.980034969	0.980034969	0.980034969	0	9.80034969e-09	0	0	0	0	3
77	33	0	1.15711832	0.980034969	0.980034969	0.980034969	0.980034969	0	9.80034969e-09	0	0	0	0	3
78	34	0	1.17214583	0.980034969	0.980034969	0.980034969	0.980034969	0	9.80034969e-09	0	0	0	0	3
79	34	0	1.18717334	0.980034969	0.980034969	0.980034969	0.980034969	0	9.80034969e-09	0	0	0	0	3
80	35	0	1.20220085	0.980034969	0.980034969	0.980034969	0.980034969	0	9.80034969e-09	0	0	0	0	3
81	35	0	1.21722836	0.980034969	0.980034969	0.980034969	0.980034969	0	9.80034969e-09	0	0	0	0	3
82	35	0	1.23225587	0.980034969	0.980034969	0.980034969	0.980034969	0	9.80034969e-09	0	0	0	0	3
83	36	0	1.24728338	0.980034969	0.980034969	0.980034969	0.980034969	0	9.80034969e-09	0	0	0	0	3
84	36	0	1.2623109	0.980034969	0.980034969	0.980034969	0.980034969	0	9.80034969e-09	0	0	0	0	3
85	36	0	1.27733841	0.980034969	0.980034969	0.980034969	0.980034969	0	9.80034969e-09	0	0	0	0	3
86	37	0	1.29236592	0.980034969	0.980034969	0.980034969	0.980034969	0	9.80034969e-09	0	0	0	0	3
87	37	0	1.30739343	0.980034969	0.980034969	0.980034969	0.980034969	0	9.80034969e-09	0	0	0	0	3
88	38	0	1.32242094	0.980034969	0.980034969	0.980034969	0.980034969	0	9.80034969e-09	0	0	0	0	3
89	38	0	1.33744845	0.980034969	0.980034969	0.980034969	0.980034969	0	9.80034969e-09	0	0	0	0	3
90	38	0	1.35247596	0.980034969	0.980034969	0.980034969	0.980034969	0	9.80034969e-09	0	0	0	0	3
91	39	0	1.36750347	0.980034969	0.980034969	0.980034969	0.980034969	0	9.80034969e-09	0	0	0	0	3
92	39	0	1.38253098	0.980034969	0.980034969	0.980034969	0.980034969	0	9.80034969e-09	0	0	0	0	3
93	39	0	1.39755849	0.980034969	0.980034969	0.980034969	0.980034969	0	9.80034969e-09	0	0	0	0	3
94	40	0	1.412586	0.980034969	0.980034969	0.980034969	0.980034969	0	9.80034969e-09	0	0	0	0	3
95	40	0	1.42761351	0.980034969	0.980034969	0.980034969	0.980034969	0	9.80034969e-09	0	0	0	0	3
96	41	0	1.44264102	0.980034969	0.980034969	0.980034969	0.980034969	0	9.80034969e-09	0	0	0	0	3
97	41	0	1.45766853	0.980034969	0.980034969	0.980034969	0.980034969	0	9.80034969e-09	0	0	0	0	3
98	41	0	1.47269604	0.980034969	0.980034969	0.980034969	0.980034969	0	9.80034969e-09	0	0	0	0	3
99	42	0	1.48772355	0.980034969	0.980034969	0.980034969	0.980034969	0	9.80034969e-09	0	0	0	0	3
100	42	0	1.50275107	0.980034969	0.980034969	0.980034969	0.980034969	0	9.80034969e-09	0	0	0	0	3
101	43	0	1.51777858	0.980034969	0.980034969	0.980034969	0.980034969	0	9.80034969e-09	0	0	0	0	3
102	43	0	1.53280609	0.980034969	0.980034969	0.980034969	0.980034969	0	9.80034969e-09	0	0	0	0	3
103	43	0	1.5478336	0.980034969	0.980034969	0.980034969	0.980034969	0	9.80034969e-09	0	0	0	0	3
104	44	0	1.56286111	0.980034969	0.980034969	0.980034969	0.980034969	0	9.80034969e-09	0	0	0	0	3
105	44	0	1.57788862	0.980034969	0.980034969	0.980034969	0.980034969	0	9.80034969e-09	0	0	0	0	3
106	44	0	1.59291613	0.980034969	0.980034969	0.980034969	0.980034969	0	9.80034969e-09	0	0	0	0	3
107	45	0	1.60794364	0.980034969	0.980034969	0.980034969	0.980034969	0	9.80034969e-09	0	0	0	0	3
108	45	0	1.62297115	0.980034969	0.980034969	0.980034969	0.980034969	0	9.80034969e-09	0	0	0	0	3
109	45	0	1.63799866	0.980034969	0.980034969	0.980034969	0.980034969	0	9.80034969e-09	0	0	0	0	3
110	46	0	1.65302617	0.980034969	0.980034969	0.980034969	0.980034969	0	9.80034969e-09	0	0	0	0	3
111	46	0	1.66805368	0.980034969	0.980034969	0.980034969	0.980034969	0	9.80034969e-09	0	0	0	0	3
112	46	0	1.68308119	0.980034969	0.980034969	0.980034969	0.980034969	0	9.80034969e-09	0	0	0	0	3
113	47	0	1.6981087	0.980034969	0.980034969	0.980034969	0.980034969	0	9.80034969e-09	0	0	0	0	3
114	47	0	1.71313621	0.980034969	0.980034969	0.980034969	0.980034969	0	9.80034969e-09	0	0	0	0	3
115	48	0	1.72816373	0.980034969	0.980034969	0.980034969	0.980034969	0	9.80034969e-09	0	0	0	0	3
116	48	0	1.74319124	0.980034969	0.980034969	0.980034969	0.980034969	0	9.80034969e-09	0	0	0	0	3
117	48	0	1.75821875	0.980034969	0.980034969	0.980034969	0.980034969	0	9.80034969e-09	0	0	0	0	3
118	49	0	1.77324626	0.980034969	0.980034969	0.980034969	0.980034969	0	9.80034969e-09	0	0	0	0	3
119	49	0	1.78827377	0.980034969	0.980034969	0.980034969	0.980034969	2.22044605e-16	9.80034969e-09	0	0	0	0	3
120	49	0	1.80330128	0.980034969	0.980034969	0.980034969	0.980034969	2.22044605e-16	9.80034969e-09	0	0	0	0	3
121	50	0	1.81832879	0.980034969	0.980034969	0.980034969	0.980034969	2.22044605e-16	9.80034969e-09	0	0	0	0	3
122	50	0	1.8333563	0.980034969	0.980034969	0.980034969	0.980034969	2.22044605e-16	9.80034969e-09	0	0	0	0	3
123	50	0	1.84838381	0.980034969	0.980034969	0.980034969	0.980034969	2.22044605e-16	9.80034969e-09	0	0	0	0	3
