Iteration	CPUTime	PhysTime	Travels	Value	AvValue	MinValue	MaxValue	Delta	Criteria	PrevAvRefValue	Progress	CriteriaType	CriteriaVarType	CriteriaPercentage
1	2	0	0.0150275107	-626.184531	-626.184531	-626.184531	-626.184531	0	0	0	0	0	0	3
2	3	0	0.0300550213	-579.154889	-602.66971	-626.184531	-579.154889	23.514821	0	0	0	0	0	3
3	3	0	0.045082532	-377.910748	-527.750056	-626.184531	-377.910748	98.4344748	0	0	0	0	0	3
4	3	0	0.0601100426	-293.925995	-469.294041	-626.184531	-293.925995	156.89049	0	0	0	0	0	3
5	3	0	0.0751375533	-230.784073	-421.592047	-626.184531	-230.784073	204.592484	0	0	0	0	0	3
6	4	0	0.0901650639	-183.035449	-381.832614	-626.184531	-183.035449	244.351917	0	0	0	0	0	3
7	4	0	0.105192575	-144.965732	-347.994488	-626.184531	-144.965732	278.190043	0	0	0	0	0	3
8	5	0	0.120220085	-107.663826	-317.953155	-626.184531	-107.663826	308.231375	0	0	0	0	0	3
9	5	0	0.135247596	-49.1503502	-288.086177	-626.184531	-49.1503502	338.098354	0	0	0	0	0	3
10	5	0	0.150275107	-32.453345	-262.522894	-626.184531	-32.453345	363.661637	0	0	0	0	0	3
11	6	0	0.165302617	-30.2235804	-241.404774	-626.184531	-30.2235804	384.779756	0	0	0	0	0	3
12	6	0	0.180330128	-28.4369762	-223.657458	-626.184531	-28.4369762	402.527073	0	0	0	0	0	3
13	6	0	0.195357639	-26.7013511	-208.506988	-626.184531	-26.7013511	417.677543	0	0	0	0	0	3
14	7	0	0.210385149	-25.6377915	-195.444903	-626.184531	-25.6377915	430.739628	0	0	0	0	0	3
15	7	0	0.22541266	-25.1594439	-184.092539	-626.184531	-25.1594439	442.091992	0	0	0	0	0	3
16	7	0	0.24044017	-24.3143213	-174.1064	-626.184531	-24.3143213	452.078131	0	0	0	0	0	3
17	8	0	0.255467681	-23.7969956	-165.26467	-626.184531	-23.7969956	460.91986	0	0	0	0	0	3
18	8	0	0.270495192	-23.4223131	-157.38454	-626.184531	-23.4223131	468.799991	0	0	0	0	0	3
19	9	0	0.285522702	-22.7105339	-150.296434	-626.184531	-22.7105339	475.888097	0	0	0	0	0	3
20	9	0	0.300550213	-22.6386391	-143.913544	-626.184531	-22.6386391	482.270987	0	0	0	0	0	3
21	10	0	0.315577724	-22.1432023	-138.114957	-626.184531	-22.1432023	488.069574	0	0	0	0	0	3
22	10	0	0.330605234	-21.7462011	-132.825468	-626.184531	-21.7462011	493.359063	0	0	0	0	0	3
23	11	0	0.345632745	-21.4065296	-127.981166	-626.184531	-21.4065296	498.203365	0	0	0	0	0	3
24	11	0	0.360660256	-21.2469886	-123.533909	-626.184531	-21.2469886	502.650622	0	0	0	0	0	3
25	11	0	0.375687766	-21.2565386	-119.442814	-626.184531	-21.2469886	506.741717	0	0	0	0	0	3
26	12	0	0.390715277	-20.8346669	-115.650193	-626.184531	-20.8346669	510.534338	0	0	0	0	0	3
27	12	0	0.405742788	-20.4929582	-112.125851	-626.184531	-20.4929582	514.05868	0	0	0	0	0	3
28	13	0	0.420770298	-20.2266275	-108.843736	-626.184531	-20.2266275	517.340795	0	0	0	0	0	3
29	13	0	0.435797809	-19.9466395	-105.778319	-626.184531	-19.9466395	520.406212	0	0	0	0	0	3
30	13	0	0.45082532	-19.6583557	-102.907653	-626.184531	-19.6583557	523.276878	0	0	0	0	0	3
31	14	0	0.46585283	-19.1371235	-100.205378	-626.184531	-19.1371235	525.979153	0	0	0	0	0	3
32	14	0	0.480880341	-18.6963758	-97.6582216	-626.184531	-18.6963758	528.526309	0	0	0	0	0	3
33	15	0	0.495907852	-18.2945612	-95.2532622	-626.184531	-18.2945612	530.931269	0	0	0	0	0	3
34	15	0	0.510935362	-17.9518978	-92.9796927	-626.184531	-17.9518978	533.204838	0	0	0	0	0	3
35	16	0	0.525962873	-17.6973968	-75.0830123	-579.154889	-17.6973968	527.586698	0	0	0	0	0	3
36	16	0	0.540990384	-17.4278294	-58.5616282	-377.910748	-17.4278294	360.482919	0	0	0	0	0	3
37	17	0	0.556017894	-17.2276489	-47.9533017	-293.925995	-17.2276489	276.698346	0	0	0	0	0	3
38	17	0	0.571045405	-16.8735198	-39.8046995	-230.784073	-16.8735198	213.910553	0	0	0	0	0	3
39	17	0	0.586072916	-16.6246131	-33.5058918	-183.035449	-16.6246131	166.410836	0	0	0	0	0	3
40	18	0	0.601100426	-16.4163796	-28.605331	-144.965732	-16.4163796	128.549353	0	0	0	0	0	3
41	18	0	0.616127937	-16.2537141	-24.8196834	-107.663826	-16.2537141	91.4101117	0	0	0	0	0	3
42	19	0	0.631155448	-16.2255425	-22.1303221	-49.1503502	-16.2255425	32.9248077	0	0	0	0	0	3
43	19	0	0.646182958	-16.4516851	-21.1685967	-32.453345	-16.2255425	16.2278025	0	0	0	0	0	3
44	20	0	0.661210469	-16.7886906	-20.7078715	-30.2235804	-16.2255425	13.9980379	0	0	0	0	0	3
45	20	0	0.67623798	-17.1160088	-20.3223547	-28.4369762	-16.2255425	12.2114338	0	0	0	0	0	3
46	20	0	0.69126549	-17.4249435	-19.9984714	-26.7013511	-16.2255425	10.4758086	0	0	0	0	0	3
47	21	0	0.706293001	-17.7174053	-19.7342377	-25.6377915	-16.2255425	9.41224904	0	0	0	0	0	3
48	21	0	0.721320511	-17.9736478	-19.5088217	-25.1594439	-16.2255425	8.93390142	0	0	0	0	0	3
49	22	0	0.736348022	-18.2311604	-19.3050487	-24.3143213	-16.2255425	8.08877881	0	0	0	0	0	3
50	22	0	0.751375533	-18.4638371	-19.1329756	-23.7969956	-16.2255425	7.57145312	0	0	0	0	0	3
51	22	0	0.766403043	-18.749969	-18.9845337	-23.4223131	-16.2255425	7.19677062	0	0	0	0	0	3
52	23	0	0.781430554	-18.983983	-18.8539945	-22.7105339	-16.2255425	6.48499147	0	0	0	0	0	3
53	23	0	0.796458065	-19.1526182	-18.74935	-22.6386391	-16.2255425	6.4130966	0	0	0	0	0	3
54	24	0	0.811485575	-19.0813051	-18.6447225	-22.1432023	-16.2255425	5.91765979	0	0	0	0	0	3
55	24	0	0.826513086	-18.1802591	-18.5281653	-21.7462011	-16.2255425	5.52065862	0	0	0	0	0	3
56	25	0	0.841540597	-18.542519	-18.4339394	-21.4065296	-16.2255425	5.18098709	0	0	0	0	0	3
57	25	0	0.856568107	-18.4567682	-18.3471817	-21.2565386	-16.2255425	5.0309961	0	0	0	0	0	3
58	25	0	0.871595618	-17.4870447	-18.2365951	-21.2565386	-16.2255425	5.0309961	0	0	0	0	0	3
59	26	0	0.886623129	-17.5169511	-18.1266072	-20.8346669	-16.2255425	4.60912442	0	0	0	0	0	3
60	26	0	0.901650639	-17.0929775	-18.0165576	-20.4929582	-16.2255425	4.26741575	0	0	0	0	0	3
61	27	0	0.91667815	-16.5607152	-17.9009033	-20.2266275	-16.2255425	4.00108504	0	0	0	0	0	3
62	27	0	0.931705661	-16.1656056	-17.7814615	-19.9466395	-16.1656056	3.78103393	0	0	0	0	0	3
63	27	0	0.946733171	-16.1922878	-17.6710394	-19.6583557	-16.1656056	3.49275017	0	0	0	0	0	3
64	28	0	0.961760682	-16.1030597	-17.5664719	-19.1526182	-16.1030597	3.04955851	0	0	0	0	0	3
65	28	0	0.976788193	-16.4194294	-17.4865397	-19.1526182	-16.1030597	3.04955851	0	0	0	0	0	3
66	29	0	0.991815703	-16.5511851	-17.4234459	-19.1526182	-16.1030597	3.04955851	0	0	0	0	0	3
67	29	0	1.00684321	-16.7805311	-17.3789156	-19.1526182	-16.1030597	3.04955851	10.8542307	0	0	0	0	3
68	30	0	1.02187072	-17.2424396	-17.3580491	-19.1526182	-16.1030597	3.04955851	10.8542307	0	0	0	0	3
69	30	0	1.03689824	-16.6175313	-17.3262884	-19.1526182	-16.1030597	3.04955851	10.8542307	0	0	0	0	3
70	31	0	1.05192575	-16.8174154	-17.308335	-19.1526182	-16.1030597	3.04955851	10.8542307	0	0	0	0	3
71	31	0	1.06695326	-16.5879715	-17.289521	-19.1526182	-16.1030597	3.04955851	10.8542307	0	0	0	0	3
72	31	0	1.08198077	-16.4190498	-17.2761542	-19.1526182	-16.1030597	3.04955851	10.8542307	0	0	0	0	3
73	32	0	1.09700828	-16.798305	-17.2812628	-19.1526182	-16.1030597	3.04955851	10.8542307	0	0	0	0	3
74	32	0	1.11203579	-16.5616847	-17.2855365	-19.1526182	-16.1030597	3.04955851	10.8542307	0	0	0	0	3
75	33	0	1.1270633	-16.1855166	-17.2835307	-19.1526182	-16.1030597	3.04955851	10.8542307	0	0	0	0	3
76	33	0	1.14209081	-17.0158542	-17.3067752	-19.1526182	-16.1030597	3.04955851	10.8542307	0	0	0	0	3
77	33	0	1.15711832	-16.221753	-17.3000124	-19.1526182	-16.1030597	3.04955851	10.8542307	0	0	0	0	3
78	34	0	1.17214583	-16.9907137	-17.3059543	-19.1526182	-16.1030597	3.04620049	10.8542307	0	0	0	0	3
79	34	0	1.18717334	-16.3798062	-17.2843013	-19.1526182	-16.1030597	2.72231717	10.8542307	0	0	0	0	3
80	35	0	1.20220085	-16.5592731	-17.2588404	-19.1526182	-16.1030597	2.47539732	10.8542307	0	0	0	0	3
81	35	0	1.21722836	-16.7246439	-17.2296415	-19.1526182	-16.1030597	2.27918019	10.8542307	0	0	0	0	3
82	35	0	1.23225587	-16.5638763	-17.1881777	-19.1526182	-16.1030597	2.11687102	10.8542307	0	0	0	0	3
83	36	0	1.24728338	-16.4346204	-17.1353382	-19.1526182	-16.1030597	1.99763736	10.8542307	0	0	0	0	3
84	36	0	1.2623109	-16.7673505	-17.0854416	-19.1526182	-16.1030597	1.89909207	10.8542307	0	0	0	0	3
85	36	0	1.27733841	-16.2838744	-17.0129094	-19.1526182	-16.1030597	1.84108514	10.8542307	0	0	0	0	3
86	37	0	1.29236592	-16.6987395	-16.9456963	-19.1526182	-16.1030597	1.80365361	10.8542307	0	0	0	0	3
87	37	0	1.30739343	-16.7251813	-16.8743011	-19.0813051	-16.1030597	1.77042134	10.8542307	0	0	0	0	3
88	38	0	1.32242094	-16.4568426	-16.7971111	-18.542519	-16.1030597	1.73105426	10.8542307	0	0	0	0	3
89	38	0	1.33744845	-16.7383845	-16.754703	-18.542519	-16.1030597	1.67923639	10.8542307	0	0	0	0	3
90	38	0	1.35247596	-16.311756	-16.6890923	-18.4567682	-16.1030597	1.65808938	10.8542307	0	0	0	0	3
91	39	0	1.36750347	-16.697801	-16.637358	-17.5169511	-16.1030597	1.4138914	10.8542307	0	0	0	0	3
92	39	0	1.38253098	-16.534409	-16.6093393	-17.5169511	-16.1030597	1.4138914	10.8542307	0	0	0	0	3
93	39	0	1.39755849	-16.3843126	-16.5760264	-17.2424396	-16.1030597	1.13937989	10.8542307	0	0	0	0	3
94	40	0	1.412586	-16.8138239	-16.567816	-17.2424396	-16.1030597	1.13937989	10.8542307	0	0	0	0	3
95	40	0	1.42761351	-16.3041849	-16.560271	-17.2424396	-16.1030597	1.13937989	10.8542307	0	0	0	0	3
96	41	0	1.44264102	-16.5762303	-16.5723482	-17.2424396	-16.1030597	1.11076843	10.8542307	0	0	0	0	3
97	41	0	1.45766853	-16.1472924	-16.5710248	-17.2424396	-16.1030597	1.0062009	10.8542307	0	0	0	0	3
98	41	0	1.47269604	-16.8391012	-16.5926731	-17.2424396	-16.1472924	0.926268724	10.8542307	0	0	0	0	3
99	42	0	1.48772355	-16.2499534	-16.5876885	-17.2424396	-16.1472924	0.863174879	10.8542307	0	0	0	0	3
100	42	0	1.50275107	-16.4719221	-16.5853572	-17.2424396	-16.1472924	0.81864458	10.8542307	0	0	0	0	3
101	43	0	1.51777858	-16.4238741	-16.5748673	-17.2424396	-16.1472924	0.797778163	10.8542307	0	0	0	0	3
102	43	0	1.53280609	-16.1534645	-16.5428386	-17.0158542	-16.1472924	0.783449773	10.8542307	0	0	0	0	3
103	43	0	1.5478336	-16.4714214	-16.5385413	-17.0158542	-16.1472924	0.769793769	10.8542307	0	0	0	0	3
104	44	0	1.56286111	-16.3861147	-16.525856	-17.0158542	-16.1472924	0.780919197	10.8542307	0	0	0	0	3
105	44	0	1.57788862	-16.4004566	-16.5203408	-17.0158542	-16.1472924	0.786434339	10.8542307	0	0	0	0	3
106	44	0	1.59291613	-16.5527318	-16.5242726	-17.0158542	-16.1472924	0.786434339	10.8542307	0	0	0	0	3
107	45	0	1.60794364	-16.3631939	-16.5114753	-17.0158542	-16.1472924	0.795299903	10.8542307	0	0	0	0	3
108	45	0	1.62297115	-16.5734616	-16.5118216	-17.0158542	-16.1472924	0.795299903	10.8542307	0	0	0	0	3
109	45	0	1.63799866	-16.0106194	-16.5066776	-17.0158542	-16.0106194	0.800097555	10.8542307	0	0	0	0	3
110	46	0	1.65302617	-16.7082007	-16.497629	-16.9907137	-16.0106194	0.808325336	10.8542307	0	0	0	0	3
111	46	0	1.66805368	-15.9172151	-16.488672	-16.9907137	-15.9172151	0.817282333	10.8542307	0	0	0	0	3
112	46	0	1.68308119	-16.7564715	-16.4817825	-16.8391012	-15.9172151	0.802518793	10.8542307	0	0	0	0	3
113	47	0	1.6981087	-16.2276701	-16.4773079	-16.8391012	-15.9172151	0.781532489	10.8542307	0	0	0	0	3
114	47	0	1.71313621	-16.1418439	-16.4650306	-16.8391012	-15.9172151	0.764610955	10.8542307	0	0	0	0	3
115	48	0	1.72816373	-16.7216391	-16.4649422	-16.8391012	-15.9172151	0.723235462	10.8542307	0	0	0	0	3
116	48	0	1.74319124	-16.053772	-16.4499391	-16.8391012	-15.9172151	0.685399118	10.8542307	0	0	0	0	3
117	48	0	1.75821875	-16.6703072	-16.4568711	-16.8391012	-15.9172151	0.635502451	10.8542307	0	0	0	0	3
118	49	0	1.77324626	-15.9560353	-16.4330089	-16.8391012	-15.9172151	0.579900502	10.8542307	0	0	0	0	3
119	49	0	1.78827377	-16.6944198	-16.4450838	-16.8391012	-15.9172151	0.512687458	10.8542307	0	0	0	0	3
120	49	0	1.80330128	-15.7364982	-16.4167825	-16.8391012	-15.7364982	0.457518606	10.8542307	0	0	0	0	3
121	50	0	1.81832879	-16.8995593	-16.4219113	-16.8995593	-15.7364982	0.38032853	10.8542307	0	0	0	0	3
122	50	0	1.8333563	-16.0767667	-16.4107326	-16.8995593	-15.7364982	0.343970394	10.8542307	0	0	0	0	3
123	50	0	1.84838381	-16.6146918	-16.4070946	-16.8995593	-15.7364982	0.281997739	10.8542307	0	0	0	0	3
